-1.05009, -0.0255443, -1|0.949912, 1.14016, 1
-1.05009, -0.0255443, -1|0.949912, 0.979449, 1
-1.05009, -0.0255443, -1|-0.0423621, 0.979449, 0.5
-1.05009, -0.0255443, -1|-0.0423621, 0.45854, 7.08046e-07
-1.05009, -0.0255443, -1|-0.47033, 0.45854, 7.08046e-07
-1.05009, -0.025544, -1|-0.47033, 0.45854, -0.368435
-1.05009, -0.025544, -1|-0.550088, 0.42966, -0.420241
-1.05009, -0.025544, -1|-0.550088, 0.133187, -0.5
-1.05009, -0.025544, -1|-0.946477, 0.133187, -0.5
-1.05009, -0.025544, -1|-1.05009, 0.133187, -0.5
^-1.05009, 0.133187, -0.5|-1.05009, -0.0255431, -1|-1.05009, 0.133186, -1
^-1.05009, 0.133187, -0.5|-1.05009, -0.025544, -0.5|-1.05009, -0.0255431, -1
^-0.946477, 0.133186, -0.896389|-1.05009, 0.133187, -0.5|-1.05009, 0.133186, -1
-1.05009, -0.025544, -1|-0.550088, 0.133186, -0.5
^-1.05009, 0.133186, -1|-1.05009, -0.0255431, -1|-0.550088, -0.0255433, -1
^-1.05009, -0.025544, -0.5|-0.550088, -0.0255433, -1|-1.05009, -0.0255431, -1
-1.05009, 0.133186, -0.896389|-0.78696, 0.42966, -0.420241
-1.05009, 0.133186, -0.896389|-0.890571, 0.335899, -0.448194
^-0.946477, 0.133186, -0.896389|-0.946477, 0.133187, -0.448194|-1.05009, 0.133187, -0.5
-0.946477, 0.133186, -0.896389|-0.890571, 0.335899, -0.448194
-0.946477, 0.133186, -0.896389|-0.946477, 0.335899, -0.448194
^-0.946477, 0.133187, -0.448194|-0.946477, 0.335898, -0.896388|-0.946477, 0.335899, -0.448194
^-0.946477, 0.133187, -0.448194|-0.946477, 0.133186, -0.896389|-0.946477, 0.335898, -0.896388
^-0.890571, 0.335898, -0.840482|-0.946477, 0.335899, -0.448194|-0.946477, 0.335898, -0.896388
-0.946477, 0.133186, -0.840483|-0.78696, 0.42966, -0.420241
^-0.890571, 0.335898, -0.840482|-0.890571, 0.335899, -0.420241|-0.946477, 0.335899, -0.448194
-0.890571, 0.133186, -0.840483|-0.78696, 0.42966, -0.420241
^-0.890571, 0.133186, -0.840483|-0.890571, 0.133187, -0.420241|-0.890571, 0.335899, -0.420241
^-0.890571, 0.133187, -0.420241|-0.890571, 0.133186, -0.840483|-0.78696, 0.42966, -0.736871
-1.05009, 0.133186, -1|-0.47033, 0.45854, -0.368435
-1.05009, 0.133186, -1|-0.47033, 0.335898, -0.840482
^-0.498282, 0.133186, -0.896388|-0.946477, 0.133186, -0.896389|-1.05009, 0.133186, -1
-0.946477, 0.133186, -0.896389|-0.47033, 0.335898, -0.840482
^-0.946477, 0.133186, -0.896389|-0.498282, 0.335898, -0.896388|-0.946477, 0.335898, -0.896388
^-0.47033, 0.133186, -0.840483|-0.890571, 0.133186, -0.840483|-0.890571, 0.335898, -0.840482
-0.946477, 0.133186, -0.896388|-0.47033, 0.45854, -0.368435
^-0.47033, 0.335898, -0.840482|-0.890571, 0.335898, -0.840482|-0.946477, 0.335898, -0.896388
-0.890571, 0.133186, -0.840483|-0.646199, 0.45854, -0.368435
^-0.890571, 0.133186, -0.840483|-0.890571, 0.335899, -0.420241|-0.890571, 0.335898, -0.840482
-0.890571, 0.133187, -0.736871|-0.646199, 0.45854, -0.368435
^-0.890571, 0.133187, -0.420241|-0.78696, 0.42966, -0.736871|-0.78696, 0.42966, -0.368435
^-0.646199, 0.45854, -0.61015|-0.78696, 0.42966, -0.368435|-0.78696, 0.42966, -0.736871
-1.05009, -0.0255443, -0.5|-0.550088, 0.45854, 7.08046e-07
^-1.05009, -0.0255438, -3.46211e-07|-0.550088, -0.0255443, -0.5|-1.05009, -0.025544, -0.5
-1.05009, -0.025544, -0.5|-0.6462, 0.45854, 7.08046e-07
^-1.05009, 0.133186, 5.36304e-09|-1.05009, -0.0255438, -3.46211e-07|-1.05009, -0.025544, -0.5
-1.05009, 0.133186, -0.448194|-0.6462, 0.45854, 7.08046e-07
-1.05009, 0.133186, -0.448194|-0.78696, 0.42966, 7.08046e-07
-1.05009, 0.133186, -0.448194|-0.890571, 0.335899, 4.82666e-07
^-0.946477, 0.133187, -0.448194|-0.946477, 0.133187, 2.35238e-08|-1.05009, 0.133186, 5.36304e-09
-0.946477, 0.133187, -0.448194|-0.890571, 0.335899, 4.82666e-07
-0.946477, 0.133187, -0.448194|-0.890571, 0.335899, 4.82666e-07
-0.946477, 0.133187, -0.448194|-0.946477, 0.335899, 4.72887e-07
^-0.946477, 0.133187, 2.35238e-08|-0.946477, 0.133187, -0.448194|-0.946477, 0.335899, -0.448194
^-0.946477, 0.133187, 2.35238e-08|-0.946477, 0.335899, -0.448194|-0.946477, 0.335899, 4.72887e-07
^-0.890571, 0.133187, -0.420241|-0.890571, 0.133187, 3.33027e-08|-0.890571, 0.335899, 4.82666e-07
^-0.890571, 0.335899, -0.420241|-0.946477, 0.335899, 4.72887e-07|-0.946477, 0.335899, -0.448194
-0.890571, 0.133187, -0.420241|-0.78696, 0.42966, 7.08046e-07
^-0.890571, 0.133187, -0.420241|-0.890571, 0.335899, 4.82666e-07|-0.890571, 0.335899, -0.420241
-0.890571, 0.133187, -0.420241|-0.78696, 0.42966, 7.08046e-07
^-0.890571, 0.133187, 3.33027e-08|-0.890571, 0.133187, -0.420241|-0.78696, 0.42966, -0.368435
^-0.890571, 0.133187, 3.33027e-08|-0.78696, 0.42966, -0.368435|-0.78696, 0.42966, 7.08046e-07
-0.946477, 0.335899, -0.420241|-0.6462, 0.45854, 7.08046e-07
^-0.890571, 0.335899, -0.420241|-0.890571, 0.335899, 4.82666e-07|-0.946477, 0.335899, 4.72887e-07
^-0.6462, 0.45854, -0.305074|-0.78696, 0.42966, 7.08046e-07|-0.78696, 0.42966, -0.368435
-1.05009, -0.0255443, -1|-0.0423621, 0.45854, 5.36304e-09
-1.05009, -0.0255443, -1|-0.050088, 0.42966, 5.36304e-09
^-0.946477, 0.133187, -0.448194|-1.05009, 0.133186, 5.36304e-09|-1.05009, 0.133187, -0.5
-1.05009, -0.0255443, -1|-0.050088, 0.42966, -2.58667e-07
-1.05009, -0.0255443, -1|-0.0500881, 0.355542, -2.58667e-07
-1.05009, -0.0255433, -1|-0.418524, 0.355542, -0.736871
-1.05009, -0.0255433, -1|-0.498282, 0.133186, -0.896388
^-1.05009, 0.133186, -1|-0.550088, -0.0255433, -1|-0.550088, 0.133186, -1
^-0.498282, 0.133186, -0.896388|-1.05009, 0.133186, -1|-0.550088, 0.133186, -1
-0.946477, 0.133186, -0.896389|-0.418524, 0.355542, -0.736871
-0.946477, 0.133186, -0.896389|-0.47033, 0.335898, -0.840482
-0.946477, 0.133186, -0.896389|-0.47033, 0.335898, -0.840482
^-0.946477, 0.133186, -0.896389|-0.498282, 0.133186, -0.896388|-0.498282, 0.335898, -0.896388
^-0.47033, 0.133186, -0.840483|-0.890571, 0.335898, -0.840482|-0.47033, 0.335898, -0.840482
^-0.47033, 0.335898, -0.840482|-0.946477, 0.335898, -0.896388|-0.498282, 0.335898, -0.896388
^-0.890571, 0.133186, -0.840483|-0.47033, 0.133186, -0.840483|-0.418524, 0.355542, -0.736871
-1.05009, -0.0255443, -1|-0.0500881, -0.0255431, -2.58667e-07
-1.05009, -0.0255443, -1|-0.550088, -0.0255433, -2.58667e-07
^-1.05009, -0.0255438, -3.46211e-07|-0.550088, -0.0255438, -2.58667e-07|-0.550088, -0.0255443, -0.5
^-1.05009, -0.025544, -0.5|-0.550088, -0.0255443, -0.5|-0.550088, -0.0255433, -1
^-0.550088, -0.0255438, -2.58667e-07|-0.0500881, -0.0255431, -0.5|-0.550088, -0.0255443, -0.5
-0.890571, -0.0255443, -1|-0.050088, 0.42966, -0.5
-0.550088, -0.0255443, -1|-0.050088, 0.133186, -0.5
^-0.550088, -0.0255443, -0.5|-0.050088, -0.0255435, -1|-0.550088, -0.0255433, -1
-0.550088, -0.0255435, -1|-0.050088, 0.133186, -0.896388
^-0.550088, 0.133186, -1|-0.550088, -0.0255433, -1|-0.050088, -0.0255435, -1
^-0.0500881, 0.133186, -0.896388|-0.498282, 0.133186, -0.896388|-0.550088, 0.133186, -1
-0.890571, 0.133186, -0.896388|-0.0500881, 0.42966, -0.736871
^-0.890571, 0.133186, -0.840483|-0.418524, 0.355542, -0.736871|-0.78696, 0.42966, -0.736871
-0.498282, 0.133186, -0.896388|-0.0500881, 0.355542, -0.736871
^-0.498282, 0.133186, -0.896388|-0.0500881, 0.335899, -0.896388|-0.498282, 0.335898, -0.896388
-0.47033, 0.133186, -0.840483|-0.0500881, 0.355542, -0.736871
^-0.0500881, 0.133186, -0.840483|-0.47033, 0.133186, -0.840483|-0.47033, 0.335898, -0.840482
^-0.47033, 0.133186, -0.840483|-0.0500881, 0.281423, -0.736871|-0.418524, 0.355542, -0.736871
-0.78696, 0.329152, -0.896388|-0.0423621, 0.45854, -0.305074
-0.78696, 0.355542, -0.736871|-0.344281, 0.45854, -0.305074
-0.78696, 0.355542, -0.736871|-0.344281, 0.45854, -0.61015
^-0.344281, 0.393846, -0.61015|-0.78696, 0.42966, -0.736871|-0.418524, 0.355542, -0.736871
^-0.344281, 0.393846, -0.61015|-0.646199, 0.45854, -0.61015|-0.78696, 0.42966, -0.736871
-0.6462, 0.393846, -0.61015|-0.344281, 0.45854, -0.305074
^-0.344281, 0.393846, -0.305074|-0.6462, 0.45854, -0.305074|-0.646199, 0.45854, -0.61015
^-0.344281, 0.393846, -0.305074|-0.646199, 0.45854, -0.61015|-0.344281, 0.393846, -0.61015
-0.78696, 0.329152, -0.896388|-0.0423621, 0.45854, -0.305074
^-0.646199, 0.45854, -0.61015|-0.6462, 0.45854, -0.305074|-0.78696, 0.42966, -0.368435
-0.498282, 0.329152, -0.896388|-0.0423621, 0.393846, -0.61015
^-0.0500881, 0.335899, -0.840482|-0.47033, 0.335898, -0.840482|-0.498282, 0.335898, -0.896388
^-0.0423621, 0.329152, -0.61015|-0.344281, 0.393846, -0.61015|-0.418524, 0.355542, -0.736871
-1.05009, -0.025544, -0.5|-0.0500882, 0.979449, 0.5
-1.05009, -0.025544, -0.5|-0.550088, 0.42966, 0.5
-1.05009, -0.025544, -0.5|-1.05009, 0.133187, 0.5
^-1.05009, 0.133186, 5.36304e-09|-1.05009, -0.025544, -0.5|-1.05009, 0.133187, -0.5
-1.05009, -0.0255438, -3.46211e-07|-1.05009, 0.133186, 0.5
^-1.05009, 0.133186, 0.5|-1.05009, -0.0255438, -3.46211e-07|-1.05009, 0.133186, 5.36304e-09
^-1.05009, 0.133186, 0.5|-1.05009, -0.0255433, 0.5|-1.05009, -0.0255438, -3.46211e-07
-1.05009, -0.0255438, -3.46211e-07|-0.550088, 0.42966, 0.5
-1.05009, -0.0255438, -3.46211e-07|-0.550088, 0.42966, 0.5
-1.05009, -0.0255438, -3.46211e-07|-0.550088, 0.133187, 0.5
^-0.946477, 0.133187, 2.35238e-08|-1.05009, 0.133186, 0.5|-1.05009, 0.133186, 5.36304e-09
^-1.05009, -0.0255433, 0.5|-0.550088, -0.0255438, -2.58667e-07|-1.05009, -0.0255438, -3.46211e-07
-0.946477, 0.133186, 2.35238e-08|-0.78696, 0.42966, 0.448195
-0.946477, 0.133186, 2.35238e-08|-0.890571, 0.335899, 0.448194
^-0.946477, 0.133186, 0.448194|-0.946477, 0.133187, 2.35238e-08|-0.946477, 0.335899, 4.72887e-07
^-0.890571, 0.133187, 3.33027e-08|-0.890571, 0.335898, 0.420242|-0.890571, 0.335899, 4.82666e-07
-0.946477, 0.133186, 3.33027e-08|-0.78696, 0.42966, 0.448195
^-0.890571, 0.335899, 4.82666e-07|-0.946477, 0.335898, 0.448195|-0.946477, 0.335899, 4.72887e-07
^-0.890571, 0.133186, 0.420241|-0.890571, 0.133187, 3.33027e-08|-0.78696, 0.42966, 7.08046e-07
-1.05009, 0.133186, 2.35238e-08|-0.78696, 0.42966, 0.5
-1.05009, 0.133186, 2.35238e-08|-0.890571, 0.335899, 0.5
^-0.946477, 0.133187, 2.35238e-08|-0.946477, 0.133186, 0.448194|-1.05009, 0.133186, 0.5
-0.946477, 0.133186, 4.72887e-07|-0.890571, 0.335899, 0.448195
^-0.946477, 0.133186, 0.448194|-0.946477, 0.335899, 4.72887e-07|-0.946477, 0.335898, 0.448195
^-0.890571, 0.335899, 4.82666e-07|-0.890571, 0.335898, 0.420242|-0.946477, 0.335898, 0.448195
-0.890571, 0.133186, 3.33027e-08|-0.78696, 0.42966, 0.420242
^-0.890571, 0.133187, 3.33027e-08|-0.890571, 0.133186, 0.420241|-0.890571, 0.335898, 0.420242
^-0.890571, 0.133186, 0.420241|-0.78696, 0.42966, 7.08046e-07|-0.78696, 0.42966, 0.368436
-1.05009, -0.025544, -0.305074|-0.0500882, 0.979449, 0.5
-0.78696, -0.025544, -0.305074|-0.0500882, 0.979449, 0.5
^-0.550088, -0.0255435, 0.5|-0.0500882, -0.025544, -1.71123e-07|-0.550088, -0.0255438, -2.58667e-07
-0.78696, 0.393846, -0.305074|-0.211129, 0.979449, 1.97464e-06
^-0.6462, 0.45854, -0.305074|-0.6462, 0.45854, 7.96987e-07|-0.78696, 0.42966, 7.08046e-07
-0.6462, 0.393846, -0.305074|-0.211129, 0.979449, 1.97464e-06
-0.6462, 0.393846, -0.305074|-0.211129, 0.979449, -0.305073
^-0.6462, 0.45854, -0.305074|-0.211129, 0.914754, -0.305073|-0.513048, 0.979449, -0.305073
^-0.6462, 0.45854, -0.305074|-0.344281, 0.393846, -0.305074|-0.211129, 0.914754, -0.305073
-0.6462, 0.393846, -0.305074|-0.211129, 0.979449, 1.97464e-06
-0.344281, 0.393846, -0.305074|-0.211129, 0.914754, 1.88384e-06
^-0.344281, 0.393846, -0.305074|-0.344281, 0.393846, 7.06649e-07|-0.211129, 0.914754, 1.88384e-06
^-0.344281, 0.393846, -0.305074|-0.211129, 0.914754, 1.88384e-06|-0.211129, 0.914754, -0.305073
-0.6462, 0.45854, -0.305073|-0.211129, 0.979449, 1.97464e-06
^-0.211129, 0.914754, 1.88384e-06|-0.513048, 0.979449, -0.305073|-0.211129, 0.914754, -0.305073
^-0.6462, 0.45854, 7.96987e-07|-0.513048, 0.979449, -0.305073|-0.513048, 0.979449, 1.97464e-06
-1.05009, -0.0255438, -0.305074|-0.211129, 0.979449, 0.5
-1.05009, -0.0255438, -2.58667e-07|-0.550088, 0.45854, 0.5
-0.78696, 0.42966, 7.08046e-07|-0.6462, 0.45854, 0.368436
^-0.6462, 0.45854, 7.96987e-07|-0.78696, 0.42966, 0.368436|-0.78696, 0.42966, 7.08046e-07
^-0.6462, 0.45854, 7.96987e-07|-0.6462, 0.45854, 0.305076|-0.78696, 0.42966, 0.368436
^-1.05009, -0.0255433, 0.5|-0.550088, -0.0255435, 0.5|-0.550088, -0.0255438, -2.58667e-07
-0.6462, 0.393846, -0.305074|-0.211129, 0.979449, 0.305076
^-0.6462, 0.45854, 7.96987e-07|-0.6462, 0.45854, -0.305074|-0.513048, 0.979449, -0.305073
-0.6462, 0.393846, 7.06649e-07|-0.211129, 0.979449, 0.305076
^-0.344281, 0.393846, 0.305076|-0.6462, 0.45854, 7.96987e-07|-0.344281, 0.393846, 7.06649e-07
^-0.344281, 0.393846, 7.06649e-07|-0.513048, 0.979449, 1.97464e-06|-0.211129, 0.914754, 1.88384e-06
-0.550088, -0.0255443, -1|0.949912, 0.812963, 1
-0.550088, -0.0255443, -1|0.790395, 0.812963, 0.5
-0.550088, -0.0255443, -1|0.790395, 0.812963, 4.34703e-07
-0.550088, -0.0255443, -1|0.398106, 0.393846, -0.305074
-0.550088, -0.0255435, -1|0.398106, 0.335899, -0.736871
-0.550088, -0.0255435, -1|0.318348, 0.335899, -0.736871
-0.550088, -0.0255435, -1|-0.050088, 0.133187, -0.896388
^-0.550088, 0.133186, -1|-0.050088, -0.0255435, -1|-0.0500881, 0.133187, -1
^-0.0500881, 0.133186, -0.896388|-0.550088, 0.133186, -1|-0.0500881, 0.133187, -1
-0.498282, 0.133186, -0.896388|0.318348, 0.335899, -0.736871
-0.498282, 0.133186, -0.896388|-0.0500881, 0.335899, -0.840482
^-0.0500881, 0.335899, -0.840482|-0.498282, 0.335898, -0.896388|-0.0500881, 0.335899, -0.896388
^-0.498282, 0.133186, -0.896388|-0.0500881, 0.133186, -0.896388|-0.0500881, 0.335899, -0.896388
-0.47033, 0.133186, -0.840483|0.318348, 0.281423, -0.736871
^-0.47033, 0.133186, -0.840483|-0.0500881, 0.133186, -0.840483|-0.0500881, 0.281423, -0.736871
^-0.0500881, 0.133186, -0.840483|0.318348, 0.207306, -0.736871|-0.0500881, 0.281423, -0.736871
-0.47033, 0.133186, -0.896388|0.398106, 0.335899, -0.840482
^-0.0500881, 0.133186, -0.840483|-0.47033, 0.335898, -0.840482|-0.0500881, 0.335899, -0.840482
-0.0500881, 0.133186, -0.896388|0.398106, 0.335899, -0.840482
-0.0500881, 0.133186, -0.896388|0.398106, 0.335899, -0.840482
^0.370153, 0.133187, -0.840483|-0.0500881, 0.133186, -0.840483|-0.0500881, 0.335899, -0.840482
^-0.0500881, 0.133186, -0.896388|0.398106, 0.335899, -0.896388|-0.0500881, 0.335899, -0.896388
^0.370153, 0.335899, -0.840482|-0.0500881, 0.335899, -0.840482|-0.0500881, 0.335899, -0.896388
-0.550088, -0.0255443, -1|0.259557, 0.393846, -0.305074
^-0.550088, -0.0255443, -0.5|-0.0500881, -0.0255431, -0.5|-0.050088, -0.0255435, -1
-0.418524, 0.264458, -0.736871|0.259557, 0.393846, -0.305074
-0.418524, 0.281423, -0.736871|-0.0423621, 0.393846, -0.305074
^-0.0423621, 0.329152, -0.61015|-0.418524, 0.355542, -0.736871|-0.0500881, 0.281423, -0.736871
^-0.0423622, 0.329152, -0.305075|-0.344281, 0.393846, -0.305074|-0.344281, 0.393846, -0.61015
-0.344281, 0.264458, -0.736871|0.259557, 0.393846, -0.305075
^-0.0423622, 0.329152, -0.305075|-0.344281, 0.393846, -0.61015|-0.0423621, 0.329152, -0.61015
-0.0500881, 0.264458, -0.736871|0.259557, 0.329152, -0.305075
^0.259557, 0.264458, -0.61015|-0.0423621, 0.329152, -0.61015|-0.0500881, 0.281423, -0.736871
^0.259557, 0.264459, -0.305075|-0.0423622, 0.329152, -0.305075|-0.0423621, 0.329152, -0.61015
-0.0500882, -0.025544, -1|0.790395, 0.812963, 4.34703e-07
-0.0500882, -0.025544, -1|0.449912, 0.335899, -1.71123e-07
-0.0500881, -0.0255438, -1|0.449912, 0.133187, -0.896388
^-0.0500881, 0.133187, -1|-0.050088, -0.0255435, -1|0.449912, -0.0255438, -1
-0.0500881, -0.0255438, -1|0.449912, 0.133187, -0.896388
^-0.0500881, 0.133187, -1|0.449912, -0.0255438, -1|0.449912, 0.133187, -1
-0.0500881, 0.133186, -1|0.449912, 0.133187, -0.896388
^0.398106, 0.133187, -0.896388|-0.0500881, 0.133187, -1|0.449912, 0.133187, -1
^0.398106, 0.133187, -0.896388|-0.0500881, 0.133186, -0.896388|-0.0500881, 0.133187, -1
-0.0500882, -0.025544, -1|0.449912, 0.335899, -1.71123e-07
-0.0500881, -0.0255438, -1|0.449912, 0.335899, -0.5
-0.0500881, -0.0255438, -1|0.449912, -0.0255431, -0.5
^-0.0500881, -0.0255431, -0.5|0.449912, -0.0255438, -1|-0.050088, -0.0255435, -1
^-0.0500881, -0.0255431, -0.5|0.449912, -0.0255433, -0.5|0.449912, -0.0255438, -1
-0.0500881, 0.133186, -0.896388|0.398106, 0.335899, -0.736871
^-0.0500881, 0.133186, -0.840483|0.370153, 0.133187, -0.840483|0.318348, 0.207306, -0.736871
-0.0500881, 0.133186, -0.896388|0.398106, 0.335899, -0.840482
^0.370153, 0.133187, -0.840483|-0.0500881, 0.335899, -0.840482|0.370153, 0.335899, -0.840482
^-0.0500881, 0.133186, -0.896388|0.398106, 0.133187, -0.896388|0.398106, 0.335899, -0.896388
-0.0500882, -0.025544, -0.896388|0.449912, 0.335899, -1.71123e-07
-0.0500881, 0.264458, -0.896388|0.398106, 0.335899, -0.305075
^0.370153, 0.335899, -0.840482|-0.0500881, 0.335899, -0.896388|0.398106, 0.335899, -0.896388
^0.259557, 0.264459, -0.305075|-0.0423621, 0.329152, -0.61015|0.259557, 0.264458, -0.61015
^-0.0500882, -0.025544, -1.71123e-07|0.449912, -0.0255433, -0.5|-0.0500881, -0.0255431, -0.5
-0.0500881, 0.133187, -0.840483|0.790395, 0.812963, 4.34703e-07
-0.0500881, 0.133187, -0.840483|0.790395, 0.335899, -0.61015
0.318348, 0.133187, -0.840483|0.790395, 0.335899, -0.736871
^0.790395, 0.133187, -0.840483|0.370153, 0.133187, -0.840483|0.370153, 0.335899, -0.840482
^0.370153, 0.133187, -0.840483|0.686783, 0.133187, -0.736871|0.318348, 0.207306, -0.736871
-0.0500881, 0.199764, -0.736871|0.561475, 0.281423, -0.61015
^0.561475, 0.199764, -0.61015|0.259557, 0.264458, -0.61015|0.318348, 0.207306, -0.736871
^0.259557, 0.264458, -0.61015|-0.0500881, 0.281423, -0.736871|0.318348, 0.207306, -0.736871
0.259557, 0.199764, -0.61015|0.701682, 0.812963, 4.34703e-07
0.259557, 0.199764, -0.61015|0.701682, 0.812963, -0.610149
^0.259557, 0.264458, -0.61015|0.701682, 0.748268, -0.610149|0.399763, 0.812963, -0.610149
^0.259557, 0.264458, -0.61015|0.561475, 0.199764, -0.61015|0.701682, 0.748268, -0.610149
0.259557, 0.199765, -0.610149|0.561475, 0.812963, 4.34703e-07
^0.561475, 0.199765, 4.34703e-07|0.259557, 0.264459, -0.305075|0.561475, 0.199765, -0.305075
^0.259557, 0.264459, -0.305075|0.399763, 0.812963, -0.610149|0.399763, 0.812961, -0.305073
-0.550088, -0.0255443, -0.61015|0.701681, 0.812963, 0.5
-0.550088, -0.0255443, -0.61015|0.561475, 0.812963, 6.15379e-07
-0.550088, -0.0255443, -0.5|0.449912, 0.393846, 6.15379e-07
-0.550088, -0.0255443, -0.5|0.449912, -0.0255431, -8.40439e-08
^-0.0500882, -0.025544, -1.71123e-07|0.449912, -0.0255443, -8.40439e-08|0.449912, -0.0255433, -0.5
^-0.550088, -0.0255438, -2.58667e-07|-0.0500882, -0.025544, -1.71123e-07|-0.0500881, -0.0255431, -0.5
-0.344281, 0.264459, -0.305075|0.259557, 0.393846, 6.15379e-07
^0.259556, 0.264459, 5.25507e-07|-0.0423622, 0.329152, -0.305075|0.259557, 0.264459, -0.305075
^-0.0423622, 0.329152, 6.15379e-07|-0.344281, 0.393846, -0.305074|-0.0423622, 0.329152, -0.305075
0.259557, 0.199765, -0.61015|0.561475, 0.812963, -0.305073
^0.259557, 0.264459, -0.305075|0.259557, 0.264458, -0.61015|0.399763, 0.812963, -0.610149
^0.561475, 0.199765, -0.305075|0.259557, 0.264459, -0.305075|0.399763, 0.812961, -0.305073
-0.550088, -0.0255443, -0.610149|0.701681, 0.812963, 0.5
-0.550088, -0.0255443, -1.71123e-07|0.449912, -0.0255435, 0.5
^-0.550088, -0.0255435, 0.5|-0.0500883, -0.0255438, 0.5|-0.0500882, -0.025544, -1.71123e-07
-0.0500883, -0.0255443, -1.71123e-07|0.449912, -0.0255438, 0.5
^-0.0500883, -0.0255438, 0.5|0.449912, -0.0255443, -8.40439e-08|-0.0500882, -0.025544, -1.71123e-07
^-0.0500883, -0.0255438, 0.5|0.449912, -0.0255438, 0.5|0.449912, -0.0255443, -8.40439e-08
-0.344281, 0.199765, -0.610149|0.701681, 0.812963, 0.305076
-0.344281, 0.199765, -0.305075|0.561475, 0.393846, 0.305076
-0.344281, 0.264459, -0.305075|0.259556, 0.393846, 0.305076
-0.344281, 0.329152, -0.305074|-0.0423622, 0.393846, 0.305076
^-0.0423622, 0.329152, 6.15379e-07|-0.344281, 0.393846, 7.06649e-07|-0.344281, 0.393846, -0.305074
^-0.0423623, 0.329153, 0.305076|-0.344281, 0.393846, 7.06649e-07|-0.0423622, 0.329152, 6.15379e-07
-0.0423623, 0.264459, -0.305075|0.259556, 0.329153, 0.305076
^0.259556, 0.264459, 5.25507e-07|-0.0423622, 0.329152, 6.15379e-07|-0.0423622, 0.329152, -0.305075
-0.0423623, 0.264459, 5.25507e-07|0.259556, 0.329153, 0.305076
^0.259556, 0.264459, 0.305076|-0.0423622, 0.329152, 6.15379e-07|0.259556, 0.264459, 5.25507e-07
^0.259556, 0.264459, 0.305076|-0.0423623, 0.329153, 0.305076|-0.0423622, 0.329152, 6.15379e-07
0.259556, 0.199765, -0.305075|0.561475, 0.264459, 0.305076
^0.561475, 0.199765, 4.34703e-07|0.259556, 0.264459, 5.25507e-07|0.259557, 0.264459, -0.305075
^0.561475, 0.199765, 0.305076|0.259556, 0.264459, 0.305076|0.259556, 0.264459, 5.25507e-07
0.259556, 0.199765, -0.610149|0.701681, 0.812963, 0.305076
^0.561475, 0.199765, 0.305076|0.259556, 0.264459, 5.25507e-07|0.561475, 0.199765, 4.34703e-07
^0.701681, 0.748268, -0.305074|0.399763, 0.812961, -0.305073|0.399763, 0.812963, -0.610149
0.318348, -0.0255443, -1|0.949912, 0.812963, 1
0.318348, -0.0255443, -1|0.949912, 0.812963, 0.5
0.318348, -0.0255443, -1|0.949912, 0.748268, 0.5
0.318348, -0.0255443, -1|0.949912, 0.335899, 4.34703e-07
0.318348, -0.0255443, -1|0.949912, 0.335899, 4.34703e-07
0.370153, 0.133187, -1|0.846301, 0.335899, -0.736871
0.370153, 0.133187, -0.896388|0.846301, 0.335899, -0.840482
^0.398106, 0.133187, -0.896388|0.846301, 0.335899, -0.896388|0.398106, 0.335899, -0.896388
^0.790395, 0.335899, -0.840482|0.370153, 0.335899, -0.840482|0.398106, 0.335899, -0.896388
0.370153, 0.133187, -1|0.846301, 0.133187, -0.736871
^0.846301, 0.133187, -0.896388|0.398106, 0.133187, -0.896388|0.449912, 0.133187, -1
^0.370153, 0.133187, -0.840483|0.790395, 0.133187, -0.840483|0.686783, 0.133187, -0.736871
0.318348, -0.0255443, -1|0.949912, 0.207306, 4.34703e-07
0.318348, -0.0255438, -1|0.949912, 0.207306, -0.61015
^0.561475, 0.199764, -0.61015|0.318348, 0.207306, -0.736871|0.686783, 0.133187, -0.736871
^0.449912, 0.133187, -1|0.449912, -0.0255438, -1|0.949912, -0.0255438, -1
0.449912, -0.0255443, -0.5|0.949912, 0.199765, 4.34703e-07
^0.449912, -0.0255443, -8.40439e-08|0.949912, -0.0255435, -0.5|0.449912, -0.0255433, -0.5
^0.561475, 0.199765, 4.34703e-07|0.686783, 0.133186, -0.368435|0.686783, 0.133186, 3.08974e-07
0.398106, -0.0255438, -1|0.949912, 0.335899, 3.27135e-07
0.398106, -0.0255438, -1|0.949912, 0.335899, -0.368435
0.449912, -0.0255438, -1|0.949912, 0.133187, -0.5
0.449912, -0.0255438, -1|0.949912, -0.0255433, -0.5
^0.449912, -0.0255433, -0.5|0.949912, -0.0255438, -1|0.449912, -0.0255438, -1
^0.449912, -0.0255433, -0.5|0.949912, -0.0255435, -0.5|0.949912, -0.0255438, -1
0.449912, -0.0255438, -1|0.949912, 0.133187, -0.896388
^0.846301, 0.133187, -0.896388|0.449912, 0.133187, -1|0.949912, 0.133187, -1
^0.449912, 0.133187, -1|0.949912, -0.0255438, -1|0.949912, 0.133187, -1
0.398106, 0.133186, -0.896388|0.846301, 0.335899, -0.368435
^0.790395, 0.335899, -0.840482|0.398106, 0.335899, -0.896388|0.846301, 0.335899, -0.896388
0.398106, 0.133186, -0.896388|0.846301, 0.335899, -0.368435
^0.398106, 0.133187, -0.896388|0.846301, 0.133187, -0.896388|0.846301, 0.335899, -0.896388
0.686783, 0.133186, -0.840483|0.790395, 0.133187, -0.368435
^0.790395, 0.133187, -0.840483|0.790395, 0.133186, -0.420241|0.686783, 0.133186, -0.368435
^0.790395, 0.133187, -0.840483|0.686783, 0.133186, -0.368435|0.686783, 0.133187, -0.736871
0.561475, 0.133186, -0.896388|0.846301, 0.335899, 3.27135e-07
0.790395, 0.133186, -0.896388|0.846301, 0.335899, -0.420241
^0.790395, 0.133186, -0.420241|0.790395, 0.335899, -0.840482|0.790395, 0.335899, -0.420241
0.790395, 0.133186, -0.896388|0.846301, 0.335899, -0.420241
^0.790395, 0.133186, -0.420241|0.790395, 0.133187, -0.840483|0.790395, 0.335899, -0.840482
^0.790395, 0.335899, -0.420241|0.790395, 0.335899, -0.840482|0.846301, 0.335899, -0.896388
0.561475, 0.133186, -0.896388|0.846301, 0.335899, 3.27135e-07
^0.790395, 0.335899, -0.420241|0.846301, 0.335899, -0.896388|0.8463, 0.335899, -0.448193
0.561475, 0.133186, -0.736871|0.790395, 0.199765, 3.27135e-07
^0.561475, 0.199765, -0.305075|0.686783, 0.133187, -0.736871|0.686783, 0.133186, -0.368435
0.686783, 0.133186, -0.420241|0.790395, 0.133186, 3.27135e-07
^0.790395, 0.133186, -0.420241|0.686783, 0.133186, 3.08974e-07|0.686783, 0.133186, -0.368435
^0.790395, 0.133186, -0.420241|0.790395, 0.133186, 3.27135e-07|0.686783, 0.133186, 3.08974e-07
0.449912, -0.0255443, -0.736871|0.949912, 0.748268, 0.5
0.449912, -0.0255443, -0.736871|0.949912, 0.748268, 0.5
0.561475, 0.133186, -0.736871|0.701682, 0.748268, 4.34703e-07
0.561475, 0.133186, -0.736871|0.686783, 0.199765, 4.34703e-07
^0.561475, 0.199765, -0.305075|0.561475, 0.199764, -0.61015|0.686783, 0.133187, -0.736871
^0.561475, 0.199765, 4.34703e-07|0.561475, 0.199765, -0.305075|0.686783, 0.133186, -0.368435
0.561475, 0.199764, -0.61015|0.701682, 0.748268, -0.305074
^0.561475, 0.199764, -0.61015|0.561475, 0.199765, -0.305075|0.701681, 0.748268, -0.305074
^0.561475, 0.199764, -0.61015|0.701681, 0.748268, -0.305074|0.701682, 0.748268, -0.610149
0.449912, -0.0255443, -8.40439e-08|0.949912, 0.199765, 0.5
^0.449912, -0.0255438, 0.5|0.949912, -0.0255433, 3.5004e-09|0.449912, -0.0255443, -8.40439e-08
0.561475, 0.133186, 3.08974e-07|0.790395, 0.199765, 0.368436
^0.561475, 0.199765, 0.305076|0.561475, 0.199765, 4.34703e-07|0.686783, 0.133186, 3.08974e-07
^0.790395, 0.133186, 3.27135e-07|0.686783, 0.133187, 0.368436|0.686783, 0.133186, 3.08974e-07
0.449912, -0.0255443, -0.5|0.949912, 0.335899, 0.420242
^0.449912, -0.0255443, -8.40439e-08|0.949912, -0.0255433, 3.5004e-09|0.949912, -0.0255435, -0.5
0.790395, 0.133186, -0.448193|0.8463, 0.335899, 0.420242
^0.790395, 0.133187, 0.420242|0.790395, 0.133186, 3.27135e-07|0.790395, 0.335898, 7.76498e-07
0.790395, 0.133186, -0.448193|0.8463, 0.335899, 7.76498e-07
^0.790395, 0.133186, 3.27135e-07|0.790395, 0.133186, -0.420241|0.790395, 0.335899, -0.420241
^0.790395, 0.335898, 7.76498e-07|0.790395, 0.335899, -0.420241|0.8463, 0.335899, -0.448193
0.370153, 0.133186, -0.840483|0.8463, 0.812963, 0.448195
0.370153, 0.133187, -0.840483|0.790395, 0.812963, -0.305074
^0.790395, 0.133187, -0.840483|0.370153, 0.335899, -0.840482|0.790395, 0.335899, -0.840482
^0.701681, 0.748268, -0.305074|0.399763, 0.812963, -0.610149|0.701682, 0.748268, -0.610149
0.399763, 0.133186, -0.448193|0.8463, 0.812961, 0.448195
^0.561475, 0.199765, -0.305075|0.399763, 0.812961, -0.305073|0.701681, 0.748268, -0.305074
0.561475, 0.133186, -0.448193|0.8463, 0.335899, 0.448195
0.561475, 0.133186, 3.08974e-07|0.790395, 0.199765, 0.420242
^0.561475, 0.199765, 0.305076|0.686783, 0.133186, 3.08974e-07|0.686783, 0.133187, 0.368436
^0.790395, 0.133186, 3.27135e-07|0.790395, 0.133187, 0.420242|0.686783, 0.133187, 0.368436
0.790395, 0.133186, -0.448193|0.8463, 0.335899, 0.448195
0.790395, 0.133186, -0.420241|0.790395, 0.335899, 0.420242
^0.790395, 0.133187, 0.420242|0.790395, 0.335898, 7.76498e-07|0.790395, 0.335899, 0.420242
^0.790395, 0.133186, 3.27135e-07|0.790395, 0.335899, -0.420241|0.790395, 0.335898, 7.76498e-07
0.790395, 0.335898, -0.448193|0.8463, 0.335899, 0.448195
^0.790395, 0.335898, 7.76498e-07|0.8463, 0.335899, -0.448193|0.8463, 0.335898, 7.86277e-07
0.790395, 0.335898, 7.76498e-07|0.8463, 0.335899, 0.448195
^0.790395, 0.335899, 0.420242|0.790395, 0.335898, 7.76498e-07|0.8463, 0.335898, 7.86277e-07
^0.790395, 0.335899, 0.420242|0.8463, 0.335898, 7.86277e-07|0.8463, 0.335899, 0.448195
0.8463, -0.025544, -1|0.949912, 0.335899, 1
0.8463, 0.133186, -1|0.949912, 0.335899, 0.5
0.8463, 0.133186, -0.896388|0.846301, 0.335899, 0.448195
0.8463, 0.133186, 3.36914e-07|0.8463, 0.335899, 0.448195
^0.8463, 0.133186, 3.36914e-07|0.8463, 0.133187, 0.448195|0.8463, 0.335899, 0.448195
^0.8463, 0.133186, 3.36914e-07|0.8463, 0.335899, 0.448195|0.8463, 0.335898, 7.86277e-07
0.8463, 0.133186, -0.896388|0.846301, 0.335899, 7.86277e-07
^0.846301, 0.133187, -0.896388|0.8463, 0.133186, -0.448194|0.8463, 0.335899, -0.448193
0.8463, 0.133186, -0.448194|0.8463, 0.335899, 7.86277e-07
^0.8463, 0.133186, -0.448194|0.8463, 0.335898, 7.86277e-07|0.8463, 0.335899, -0.448193
^0.8463, 0.133186, -0.448194|0.8463, 0.133186, 3.36914e-07|0.8463, 0.335898, 7.86277e-07
0.8463, 0.133186, -1|0.949912, 0.335899, 0.5
0.8463, 0.133186, -1|0.949912, 0.335899, -0.448193
0.8463, 0.133186, -1|0.949912, 0.133187, -0.448194
^0.8463, 0.133186, -0.448194|0.846301, 0.133187, -0.896388|0.949912, 0.133187, -1
^0.8463, 0.133186, -0.448194|0.949912, 0.133187, -1|0.949912, 0.133187, -0.5
^0.846301, 0.133187, -0.896388|0.8463, 0.335899, -0.448193|0.846301, 0.335899, -0.896388
0.8463, 0.133186, -0.5|0.949912, 0.133187, 0.5
0.8463, 0.133186, -0.5|0.949912, 0.133187, 3.55075e-07
^0.8463, 0.133186, 3.36914e-07|0.8463, 0.133186, -0.448194|0.949912, 0.133187, -0.5
^0.8463, 0.133186, 3.36914e-07|0.949912, 0.133187, -0.5|0.949912, 0.133186, 3.55075e-07
0.8463, 0.133186, 3.36914e-07|0.949912, 0.133187, 0.5
^0.8463, 0.133187, 0.448195|0.8463, 0.133186, 3.36914e-07|0.949912, 0.133186, 3.55075e-07
^0.8463, 0.133187, 0.448195|0.949912, 0.133186, 3.55075e-07|0.949912, 0.133187, 0.5
0.949912, -0.025544, -1|0.949912, 0.133187, 1
0.949912, -0.025544, 3.5004e-09|0.949912, 0.133187, 1
^0.949912, 0.133187, 0.5|0.949912, -0.025544, 0.5|0.949912, -0.0255438, 1
^0.949912, 0.133186, 3.55075e-07|0.949912, -0.0255433, 3.5004e-09|0.949912, -0.025544, 0.5
0.949912, -0.025544, -1|0.949912, 0.133187, 0.5
0.949912, -0.025544, -0.5|0.949912, 0.133187, 0.5
^0.949912, 0.133186, 3.55075e-07|0.949912, -0.025544, 0.5|0.949912, 0.133187, 0.5
^0.949912, 0.133187, -0.5|0.949912, -0.0255435, -0.5|0.949912, -0.0255433, 3.5004e-09
0.949912, -0.0255438, -1|0.949912, 0.133187, 3.55075e-07
^0.949912, 0.133187, -0.5|0.949912, -0.0255433, 3.5004e-09|0.949912, 0.133186, 3.55075e-07
0.949912, -0.0255438, -1|0.949912, 0.133187, -0.5
^0.949912, 0.133187, -1|0.949912, -0.0255438, -1|0.949912, -0.0255435, -0.5
^0.949912, 0.133187, -1|0.949912, -0.0255435, -0.5|0.949912, 0.133187, -0.5
-1.05009, -0.0255443, -0.305073|0.949912, 1.14016, 1
-1.05009, -0.0255443, -0.305073|0.259556, 1.14016, 1
-1.05009, -0.0255443, 7.96987e-07|-0.344281, 0.458541, 1
-1.05009, -0.0255443, 7.96987e-07|-0.344281, 0.458541, 1
-1.05009, -0.0255443, 0.368436|-0.550088, 0.42966, 1
-1.05009, -0.0255443, 0.448194|-0.550088, 0.133186, 1
-1.05009, 0.133186, 0.448194|-0.946477, 0.133186, 1
^-0.946477, 0.133186, 0.448194|-0.946477, 0.133186, 0.896389|-1.05009, 0.133186, 1
^-0.946477, 0.133186, 0.448194|-1.05009, 0.133186, 1|-1.05009, 0.133186, 0.5
^-1.05009, -0.0255443, 1|-0.550088, -0.0255435, 0.5|-1.05009, -0.0255433, 0.5
-1.05009, -0.0255433, 0.368436|-0.78696, 0.42966, 1
^-1.05009, 0.133186, 1|-1.05009, -0.0255433, 0.5|-1.05009, 0.133186, 0.5
-0.946477, 0.133186, 0.368436|-0.78696, 0.42966, 0.896389
-0.946477, 0.133186, 0.420241|-0.890571, 0.335898, 0.896389
-0.946477, 0.133186, 0.420241|-0.890571, 0.335898, 0.896389
-0.890571, 0.133186, 0.420241|-0.890571, 0.335898, 0.840483
^-0.890571, 0.133186, 0.420241|-0.890571, 0.335898, 0.840483|-0.890571, 0.335898, 0.420242
^-0.890571, 0.133186, 0.420241|-0.890571, 0.133186, 0.840483|-0.890571, 0.335898, 0.840483
^-0.946477, 0.133186, 0.896389|-0.946477, 0.133186, 0.448194|-0.946477, 0.335898, 0.448195
-0.946477, 0.335898, 0.420242|-0.890571, 0.335898, 0.896389
^-0.890571, 0.335898, 0.420242|-0.946477, 0.335898, 0.896389|-0.946477, 0.335898, 0.448195
^-0.890571, 0.335898, 0.420242|-0.890571, 0.335898, 0.840483|-0.946477, 0.335898, 0.896389
^-0.890571, 0.133186, 0.840483|-0.78696, 0.42966, 0.368436|-0.78696, 0.42966, 0.736872
-0.78696, 0.393846, 7.96987e-07|-0.344281, 0.458541, 0.736872
-0.78696, 0.42966, 0.305076|-0.6462, 0.458541, 0.736872
^-0.6462, 0.45854, 0.305076|-0.78696, 0.42966, 0.736872|-0.78696, 0.42966, 0.368436
^-0.6462, 0.45854, 0.305076|-0.6462, 0.458541, 0.610151|-0.78696, 0.42966, 0.736872
-0.6462, 0.393846, 7.96987e-07|-0.344281, 0.458541, 0.610151
^-0.344281, 0.393846, 0.305076|-0.6462, 0.45854, 0.305076|-0.6462, 0.45854, 7.96987e-07
^-0.344281, 0.393847, 0.610151|-0.6462, 0.458541, 0.610151|-0.6462, 0.45854, 0.305076
-1.05009, -0.0255443, 0.368436|-0.418524, 0.458541, 1
-1.05009, -0.0255443, 0.368436|-0.550088, 0.42966, 1
-0.946477, 0.133186, 0.368436|-0.78696, 0.42966, 0.896389
^-0.946477, 0.133186, 0.896389|-0.946477, 0.335898, 0.448195|-0.946477, 0.335898, 0.896389
^-0.890571, 0.133186, 0.840483|-0.890571, 0.133186, 0.420241|-0.78696, 0.42966, 0.368436
-1.05009, -0.0255443, 0.5|-0.550088, 0.133186, 1
^-1.05009, 0.133186, 1|-1.05009, -0.0255443, 1|-1.05009, -0.0255433, 0.5
-1.05009, -0.0255443, 0.896389|-0.550088, 0.133186, 1
^-0.550088, 0.133186, 1|-1.05009, -0.0255443, 1|-1.05009, 0.133186, 1
^-0.946477, 0.133186, 0.896389|-0.550088, 0.133186, 1|-1.05009, 0.133186, 1
-1.05009, -0.0255443, 0.5|-0.418524, 0.458541, 1
-1.05009, -0.0255443, 0.5|-0.498283, 0.335898, 1
-1.05009, -0.0255443, 0.5|-0.550088, 0.133186, 1
^-1.05009, -0.0255443, 1|-0.550088, -0.0255443, 1|-0.550088, -0.0255435, 0.5
^-0.550088, 0.133186, 1|-0.550088, -0.0255443, 1|-1.05009, -0.0255443, 1
-0.946477, 0.133186, 0.840483|-0.498283, 0.335898, 1
^-0.946477, 0.133186, 0.896389|-0.498283, 0.133186, 0.896389|-0.550088, 0.133186, 1
-0.946477, 0.133186, 0.840483|-0.498283, 0.335898, 0.896389
^-0.890571, 0.335898, 0.840483|-0.498283, 0.335898, 0.896389|-0.946477, 0.335898, 0.896389
-0.946477, 0.133186, 0.896389|-0.498283, 0.335898, 0.896389
^-0.498283, 0.133186, 0.896389|-0.946477, 0.133186, 0.896389|-0.946477, 0.335898, 0.896389
^-0.498283, 0.133186, 0.896389|-0.946477, 0.335898, 0.896389|-0.498283, 0.335898, 0.896389
-0.890571, 0.133186, 0.610151|-0.418524, 0.458541, 0.896389
-0.78696, 0.133186, 0.610151|-0.418524, 0.458541, 0.840483
^-0.6462, 0.458541, 0.610151|-0.418524, 0.355541, 0.736872|-0.78696, 0.42966, 0.736872
^-0.47033, 0.133186, 0.840483|-0.78696, 0.42966, 0.736872|-0.418524, 0.355541, 0.736872
-0.890571, 0.133186, 0.840483|-0.47033, 0.335898, 0.896389
-0.890571, 0.133186, 0.840483|-0.47033, 0.335898, 0.840483
^-0.890571, 0.133186, 0.840483|-0.47033, 0.133186, 0.840483|-0.47033, 0.335898, 0.840483
^-0.890571, 0.133186, 0.840483|-0.47033, 0.335898, 0.840483|-0.890571, 0.335898, 0.840483
^-0.890571, 0.335898, 0.840483|-0.47033, 0.335898, 0.840483|-0.498283, 0.335898, 0.896389
-0.890571, -0.0255443, -0.305073|0.259556, 1.14016, 1
-0.890571, -0.0255443, -0.305073|-0.0500883, 0.979449, 1
^-0.47033, 0.133186, 0.840483|-0.890571, 0.133186, 0.840483|-0.78696, 0.42966, 0.736872
-0.6462, -0.0255443, -0.305073|-0.0500883, 0.979449, 1
-0.6462, 0.355541, 7.06649e-07|-0.344281, 0.979449, 0.736872
^-0.344281, 0.393846, 7.06649e-07|-0.6462, 0.45854, 7.96987e-07|-0.513048, 0.979449, 1.97464e-06
-0.6462, 0.355541, 0.305076|-0.344281, 0.458541, 0.736872
^-0.6462, 0.458541, 0.610151|-0.344281, 0.393847, 0.610151|-0.418524, 0.355541, 0.736872
^-0.344281, 0.393847, 0.610151|-0.6462, 0.45854, 0.305076|-0.344281, 0.393846, 0.305076
-0.550088, -0.0255443, -0.305073|-0.0500883, 0.979449, 1
-0.550088, -0.0255443, 0.5|-0.0500883, 0.335898, 1
-0.550088, -0.0255443, 0.5|-0.0500883, 0.133186, 1
^-0.550088, -0.0255443, 1|-0.0500883, -0.0255438, 0.5|-0.550088, -0.0255435, 0.5
^-0.0500884, 0.133186, 1|-0.550088, -0.0255443, 1|-0.550088, 0.133186, 1
-0.498283, 0.133186, 0.840483|-0.0500884, 0.335898, 0.896389
^-0.0500884, 0.133186, 0.896389|-0.498283, 0.133186, 0.896389|-0.498283, 0.335898, 0.896389
-0.498283, 0.133186, 0.840483|-0.0500884, 0.335898, 0.896389
^-0.47033, 0.133186, 0.840483|-0.0500884, 0.335898, 0.840483|-0.47033, 0.335898, 0.840483
^-0.47033, 0.335898, 0.840483|-0.0500884, 0.335898, 0.896389|-0.498283, 0.335898, 0.896389
-0.550088, 0.133186, -0.305073|-0.0500884, 0.979449, 1
^-0.498283, 0.133186, 0.896389|-0.0500884, 0.133186, 1|-0.550088, 0.133186, 1
^-0.211129, 0.914754, 1.88384e-06|-0.513048, 0.979449, 1.97464e-06|-0.513048, 0.979449, -0.305073
-0.550088, -0.0255443, 7.06649e-07|0.259556, 1.14016, 1
-0.550088, -0.0255443, 7.06649e-07|-0.0423623, 1.14016, 1
-0.550088, -0.0255443, 7.06649e-07|-0.0423623, 0.393847, 1
-0.418524, 0.281423, 7.06649e-07|-0.0423623, 0.393847, 0.736872
^-0.0423623, 0.329153, 0.305076|-0.344281, 0.393846, 0.305076|-0.344281, 0.393846, 7.06649e-07
^-0.344281, 0.393847, 0.610151|-0.0500884, 0.281423, 0.736872|-0.418524, 0.355541, 0.736872
-0.550088, -0.0255443, 0.5|-0.0500883, 0.355541, 1
^-0.550088, -0.0255443, 1|-0.0500884, -0.0255433, 1|-0.0500883, -0.0255438, 0.5
-0.498283, 0.133186, 0.736872|-0.0500884, 0.355541, 1
-0.47033, 0.133186, 0.736872|-0.0500884, 0.355541, 0.840483
-0.47033, 0.133186, 0.736872|-0.0500884, 0.355541, 0.840483
^-0.0500884, 0.133186, 0.840483|-0.47033, 0.133186, 0.840483|-0.418524, 0.355541, 0.736872
^-0.47033, 0.133186, 0.840483|-0.0500884, 0.133186, 0.840483|-0.0500884, 0.335898, 0.840483
^-0.0500884, 0.133186, 0.840483|-0.418524, 0.355541, 0.736872|-0.0500884, 0.281423, 0.736872
-0.498283, 0.133186, 0.840483|-0.0500884, 0.335898, 1
^-0.498283, 0.133186, 0.896389|-0.0500884, 0.133186, 0.896389|-0.0500884, 0.133186, 1
^-0.47033, 0.335898, 0.840483|-0.0500884, 0.335898, 0.840483|-0.0500884, 0.335898, 0.896389
-0.498283, 0.133186, 0.305076|-0.0423623, 1.14016, 0.896389
^-0.344281, 0.393847, 0.610151|-0.153512, 1.14016, 0.305078|-0.153512, 1.14016, 0.610153
-0.498283, 0.133186, 0.305076|-0.0423623, 1.14016, 0.896389
-0.344281, 0.329152, 0.305076|-0.0423623, 1.14016, 0.610153
^-0.344281, 0.393847, 0.610151|-0.344281, 0.393846, 0.305076|-0.153512, 1.14016, 0.305078
^-0.0423623, 0.329152, 0.610151|-0.344281, 0.393847, 0.610151|-0.153512, 1.14016, 0.610153
^-0.0500884, 0.133186, 0.896389|-0.498283, 0.335898, 0.896389|-0.0500884, 0.335898, 0.896389
-0.550088, -0.0255443, 0.305076|0.259556, 1.14016, 1
-0.550088, -0.0255443, 0.610151|-0.0423623, 0.393847, 1
^-0.0500884, 0.133186, 1|-0.0500884, -0.0255433, 1|-0.550088, -0.0255443, 1
^-0.344281, 0.393847, 0.610151|-0.0423623, 0.329152, 0.610151|-0.0500884, 0.281423, 0.736872
-0.344281, 0.264458, 0.305076|0.259556, 1.14016, 0.610153
-0.344281, 0.329153, 0.305076|0.148407, 1.14016, 0.305078
^-0.344281, 0.393846, 0.305076|-0.0423623, 0.329153, 0.305076|0.148407, 1.07546, 0.305078
^-0.344281, 0.393846, 0.305076|0.148407, 1.07546, 0.305078|-0.153512, 1.14016, 0.305078
-0.153512, 0.264458, 0.305076|0.259556, 1.14016, 0.610153
^0.259556, 0.264458, 0.610151|-0.0423623, 0.329152, 0.610151|-0.0423623, 0.329153, 0.305076
-0.153512, 0.329152, 0.305076|0.148407, 1.14016, 0.610153
-0.153512, 0.329152, 0.305076|0.148407, 1.14016, 0.610153
^-0.0423623, 0.329153, 0.305076|-0.0423623, 0.329152, 0.610151|0.148407, 1.07546, 0.610153
^-0.0423623, 0.329152, 0.610151|-0.153512, 1.14016, 0.610153|0.148407, 1.07546, 0.610153
-0.153512, 1.07546, 0.305078|0.148407, 1.14016, 0.610153
^0.148407, 1.07546, 0.610153|-0.153512, 1.14016, 0.305078|0.148407, 1.07546, 0.305078
^0.148407, 1.07546, 0.610153|-0.153512, 1.14016, 0.610153|-0.153512, 1.14016, 0.305078
-0.0500884, -0.025544, 3.5004e-09|0.949912, 1.07546, 1
-0.0500884, -0.0255438, 0.305076|0.790395, 1.07546, 1
-0.0500884, -0.0255438, 0.305076|0.449912, 1.07546, 1
-0.0500884, -0.0255438, 0.305076|0.449912, 0.329153, 1
^-0.0500884, -0.0255433, 1|0.449912, -0.0255438, 0.5|-0.0500883, -0.0255438, 0.5
-0.0500884, 0.207304, 0.305076|0.318347, 0.329153, 0.736872
^0.259556, 0.264458, 0.610151|-0.0423623, 0.329153, 0.305076|0.259556, 0.264459, 0.305076
-0.0500884, 0.207304, 0.610151|0.318347, 0.329152, 0.736872
^-0.0423623, 0.329152, 0.610151|0.318347, 0.207304, 0.736872|-0.0500884, 0.281423, 0.736872
^-0.0423623, 0.329152, 0.610151|0.259556, 0.264458, 0.610151|0.318347, 0.207304, 0.736872
-0.0500884, -0.0255433, 0.305076|0.449912, 1.07546, 1
-0.0500884, 0.133186, 0.305076|0.398106, 1.07546, 0.896389
^-0.0423623, 0.329153, 0.305076|0.148407, 1.07546, 0.610153|0.148407, 1.07546, 0.305078
-0.0500884, 0.133186, 0.736872|0.398106, 0.335899, 0.896389
^0.370153, 0.133186, 0.840483|-0.0500884, 0.133186, 0.840483|-0.0500884, 0.281423, 0.736872
-0.0500884, 0.133186, 0.840483|0.398106, 0.335899, 0.896389
-0.0500884, 0.133186, 0.840483|0.398106, 0.335899, 0.896389
^0.398106, 0.133186, 0.896389|-0.0500884, 0.133186, 0.896389|-0.0500884, 0.335898, 0.896389
^-0.0500884, 0.133186, 0.840483|0.370153, 0.335899, 0.840484|-0.0500884, 0.335898, 0.840483
^-0.0500884, 0.335898, 0.840483|0.398106, 0.335898, 0.896389|-0.0500884, 0.335898, 0.896389
-0.0500884, -0.0255433, 0.736872|0.449912, 0.335899, 1
-0.0500884, -0.0255433, 0.896389|0.449912, 0.133186, 1
^0.449912, 0.133186, 1|-0.0500884, -0.0255433, 1|-0.0500884, 0.133186, 1
^-0.0500884, 0.133186, 0.896389|0.449912, 0.133186, 1|-0.0500884, 0.133186, 1
-0.0500884, 0.133186, 0.736872|0.398106, 0.335899, 0.896389
^0.370153, 0.133186, 0.840483|-0.0500884, 0.281423, 0.736872|0.318347, 0.207304, 0.736872
-0.0500884, 0.133186, 0.840483|0.398106, 0.335899, 0.896389
^-0.0500884, 0.335898, 0.840483|0.370153, 0.335899, 0.840484|0.398106, 0.335898, 0.896389
-0.0500884, 0.133186, 0.840483|0.398106, 0.335899, 0.896389
^-0.0500884, 0.133186, 0.840483|0.370153, 0.133186, 0.840483|0.370153, 0.335899, 0.840484
^0.398106, 0.133186, 0.896389|-0.0500884, 0.335898, 0.896389|0.398106, 0.335898, 0.896389
-0.0500884, -0.0255438, 0.305076|0.790395, 0.925781, 1
-0.0500884, -0.0255438, 0.5|0.449912, 0.133186, 1
-0.0500884, -0.0255435, 0.896389|0.449912, 0.133186, 1
^0.449912, 0.133186, 1|0.449912, -0.0255435, 1|-0.0500884, -0.0255433, 1
^-0.0500884, 0.133186, 0.896389|0.398106, 0.133186, 0.896389|0.449912, 0.133186, 1
^-0.0500884, -0.0255433, 1|0.449912, -0.0255435, 1|0.449912, -0.0255438, 0.5
0.259556, 0.133186, 0.305076|0.790395, 0.925781, 0.840483
0.259556, 0.133187, 0.305076|0.730519, 0.925781, 0.736872
0.259556, 0.133187, 0.305076|0.730519, 0.925781, 0.736872
^0.259556, 0.264458, 0.610151|0.686783, 0.133187, 0.736872|0.318347, 0.207304, 0.736872
^0.259556, 0.264459, 0.305076|0.730519, 0.861086, 0.305077|0.4286, 0.925781, 0.305077
0.259556, 0.199764, 0.305076|0.561475, 0.925781, 0.610152
0.259556, 0.264458, 0.305076|0.4286, 0.925781, 0.610152
^0.259556, 0.264458, 0.610151|0.259556, 0.264459, 0.305076|0.4286, 0.925781, 0.305077
^0.259556, 0.264458, 0.610151|0.4286, 0.925781, 0.305077|0.4286, 0.925781, 0.610152
^0.561475, 0.199764, 0.610151|0.259556, 0.264458, 0.610151|0.4286, 0.925781, 0.610152
0.259556, 0.133186, 0.610151|0.790395, 0.264458, 0.840483
^0.259556, 0.264458, 0.610151|0.561475, 0.199764, 0.610151|0.686783, 0.133187, 0.736872
^0.790395, 0.133187, 0.840483|0.370153, 0.133186, 0.840483|0.318347, 0.207304, 0.736872
0.259556, -0.025544, 3.5004e-09|0.949912, 0.925781, 1
0.318347, -0.025544, 3.5004e-09|0.949912, 0.925781, 1
0.318347, -0.025544, 3.5004e-09|0.949912, 0.925781, 1
0.449912, -0.025544, 3.5004e-09|0.949912, 0.861086, 1
0.449912, -0.025544, 3.5004e-09|0.949912, -0.0255433, 1
^0.449912, -0.0255438, 0.5|0.949912, -0.025544, 0.5|0.949912, -0.0255433, 3.5004e-09
0.449912, -0.025544, 0.5|0.949912, -0.0255435, 1
^0.449912, -0.0255435, 1|0.949912, -0.025544, 0.5|0.449912, -0.0255438, 0.5
^0.449912, -0.0255435, 1|0.949912, -0.0255438, 1|0.949912, -0.025544, 0.5
0.561475, 0.133187, 0.305076|0.790395, 0.861086, 0.840483
0.561475, 0.133187, 0.305076|0.790395, 0.199765, 0.840483
0.561475, 0.133187, 0.305076|0.686783, 0.199765, 0.736872
^0.561475, 0.199764, 0.610151|0.561475, 0.199765, 0.305076|0.686783, 0.133187, 0.368436
^0.561475, 0.199764, 0.610151|0.686783, 0.133187, 0.368436|0.686783, 0.133187, 0.736872
0.686783, 0.133187, 0.368436|0.790395, 0.133187, 0.840483
^0.790395, 0.133187, 0.420242|0.686783, 0.133187, 0.736872|0.686783, 0.133187, 0.368436
^0.790395, 0.133187, 0.420242|0.790395, 0.133187, 0.840483|0.686783, 0.133187, 0.736872
^0.561475, 0.199765, 0.305076|0.561475, 0.199764, 0.610151|0.730519, 0.861086, 0.610152
0.318347, 0.133186, 0.305076|0.949912, 0.925781, 1
^0.790395, 0.133187, 0.840483|0.318347, 0.207304, 0.736872|0.686783, 0.133187, 0.736872
0.398106, 0.133186, 0.305076|0.949912, 0.925781, 1
^0.398106, 0.133186, 0.896389|0.8463, 0.133187, 0.896389|0.949912, 0.133187, 1
0.4286, 0.199765, 0.305076|0.730519, 0.925781, 0.610152
^0.561475, 0.199765, 0.305076|0.730519, 0.861086, 0.610152|0.730519, 0.861086, 0.305077
^0.730519, 0.861086, 0.610152|0.4286, 0.925781, 0.305077|0.730519, 0.861086, 0.305077
0.790395, -0.0255438, 0.420242|0.949912, 0.335899, 1
0.790395, 0.133187, 0.420242|0.8463, 0.335899, 0.896389
0.790395, 0.133187, 0.420242|0.8463, 0.335899, 0.896389
0.790395, 0.133187, 0.420242|0.8463, 0.335899, 0.840484
0.790395, 0.133187, 0.420242|0.790395, 0.335899, 0.840484
^0.790395, 0.133187, 0.840483|0.790395, 0.133187, 0.420242|0.790395, 0.335899, 0.420242
^0.790395, 0.133187, 0.840483|0.790395, 0.335899, 0.420242|0.790395, 0.335899, 0.840484
^0.790395, 0.335899, 0.840484|0.790395, 0.335899, 0.420242|0.8463, 0.335899, 0.448195
0.8463, 0.133187, 0.448195|0.8463, 0.335899, 0.896389
^0.8463, 0.133187, 0.448195|0.8463, 0.335899, 0.896389|0.8463, 0.335899, 0.448195
^0.8463, 0.133187, 0.448195|0.8463, 0.133187, 0.896389|0.8463, 0.335899, 0.896389
^0.790395, 0.335899, 0.840484|0.8463, 0.335899, 0.448195|0.8463, 0.335899, 0.896389
0.8463, -0.0255438, 0.448195|0.949912, 0.133187, 1
^0.8463, 0.133187, 0.896389|0.949912, 0.133187, 0.5|0.949912, 0.133187, 1
0.8463, -0.0255438, 0.448195|0.949912, 0.133187, 1
^0.8463, 0.133187, 0.896389|0.8463, 0.133187, 0.448195|0.949912, 0.133187, 0.5
^0.949912, 0.133187, 0.5|0.949912, -0.0255438, 1|0.949912, 0.133187, 1
0.259556, -0.0255438, 0.305076|0.949912, 0.925781, 1
0.259556, 0.133186, 0.305076|0.790395, 0.861086, 0.840484
^0.259556, 0.264459, 0.305076|0.561475, 0.199765, 0.305076|0.730519, 0.861086, 0.305077
^0.370153, 0.133186, 0.840483|0.790395, 0.335899, 0.840484|0.370153, 0.335899, 0.840484
0.370153, -0.0255438, 0.305077|0.949912, 0.925781, 1
0.370153, -0.0255435, 0.305077|0.949912, 0.925781, 1
0.370153, -0.0255435, 0.840484|0.949912, 0.335899, 1
0.398106, -0.0255435, 0.896389|0.949912, 0.335899, 1
0.398106, -0.0255435, 0.896389|0.949912, 0.133187, 1
^0.398106, 0.133186, 0.896389|0.949912, 0.133187, 1|0.449912, 0.133186, 1
^0.949912, 0.133187, 1|0.449912, -0.0255435, 1|0.449912, 0.133186, 1
^0.8463, 0.133187, 0.896389|0.398106, 0.335898, 0.896389|0.8463, 0.335899, 0.896389
0.370153, 0.133186, 0.840484|0.8463, 0.335899, 0.896389
^0.8463, 0.133187, 0.896389|0.398106, 0.133186, 0.896389|0.398106, 0.335898, 0.896389
0.370153, 0.335898, 0.840484|0.8463, 0.335899, 0.896389
^0.370153, 0.335899, 0.840484|0.8463, 0.335899, 0.896389|0.398106, 0.335898, 0.896389
^0.370153, 0.335899, 0.840484|0.790395, 0.335899, 0.840484|0.8463, 0.335899, 0.896389
0.370153, 0.133186, 0.305077|0.790395, 0.925781, 0.840484
^0.370153, 0.133186, 0.840483|0.790395, 0.133187, 0.840483|0.790395, 0.335899, 0.840484
0.4286, 0.199764, 0.305077|0.730519, 0.925781, 0.610152
^0.730519, 0.861086, 0.610152|0.4286, 0.925781, 0.610152|0.4286, 0.925781, 0.305077
^0.561475, 0.199764, 0.610151|0.4286, 0.925781, 0.610152|0.730519, 0.861086, 0.610152
^0.949912, 0.133187, 1|0.949912, -0.0255438, 1|0.449912, -0.0255435, 1